{
 "cells": [
  {
   "cell_type": "markdown",
   "metadata": {},
   "source": [
    "## Singular Value Decomposition (SVD)\n",
    "\n",
    "example of one of a number of methods of decomposing a matrix into the product of other (often simpler) matrices"
   ]
  },
  {
   "cell_type": "markdown",
   "metadata": {},
   "source": [
    "#### case where X is n x m, where n = m (X is square matrix)"
   ]
  },
  {
   "cell_type": "code",
   "execution_count": 2,
   "metadata": {},
   "outputs": [
    {
     "name": "stdout",
     "output_type": "stream",
     "text": [
      "U  is (5, 5) \n",
      "S  is (5,) \n",
      "Vt is (5, 5)\n",
      "\n",
      "S is now (5, 5)\n"
     ]
    }
   ],
   "source": [
    "# we'll start by just generating a matrix of random numbers\n",
    "# we'll talk about random numbers a lot more later\n",
    "\n",
    "import numpy as np\n",
    "import numpy.random as R\n",
    "\n",
    "# case of n = m\n",
    "n = 5\n",
    "m = 5\n",
    "\n",
    "# generate an nxm matrix\n",
    "X = R.rand(n, m)\n",
    "\n",
    "# SVD\n",
    "(U, S, Vt) = np.linalg.svd(X)\n",
    "print('U  is', U.shape, '\\nS  is', S.shape, '\\nVt is', Vt.shape)\n",
    "\n",
    "# note the shape of S (just showing diagonals), turn into a matrix\n",
    "S = np.diag(S)\n",
    "print('\\nS is now', S.shape)"
   ]
  },
  {
   "cell_type": "code",
   "execution_count": 3,
   "metadata": {},
   "outputs": [
    {
     "name": "stdout",
     "output_type": "stream",
     "text": [
      "X =  [[0.13083207 0.03441457 0.98638449 0.56104694 0.87168475]\n",
      " [0.16998101 0.28023893 0.37328136 0.50352833 0.22273994]\n",
      " [0.43183964 0.39802263 0.71772956 0.4535964  0.60231557]\n",
      " [0.33467136 0.22740877 0.40883046 0.54548519 0.18014623]\n",
      " [0.48228371 0.68800074 0.48934371 0.18598143 0.30732262]]\n",
      "Y =  [[0.13083207 0.03441457 0.98638449 0.56104694 0.87168475]\n",
      " [0.16998101 0.28023893 0.37328136 0.50352833 0.22273994]\n",
      " [0.43183964 0.39802263 0.71772956 0.4535964  0.60231557]\n",
      " [0.33467136 0.22740877 0.40883046 0.54548519 0.18014623]\n",
      " [0.48228371 0.68800074 0.48934371 0.18598143 0.30732262]]\n",
      "\n",
      "-5.953570969552402e-15\n"
     ]
    }
   ],
   "source": [
    "# compare A and U@S@Vt\n",
    "Y = U@S@Vt\n",
    "print('X = ', X)\n",
    "print('Y = ', Y)\n",
    "print()\n",
    "print(np.sum(np.sum(X - Y)))"
   ]
  },
  {
   "cell_type": "markdown",
   "metadata": {},
   "source": [
    "#### case where X is n x m, where n > m (X is tall and skinny)"
   ]
  },
  {
   "cell_type": "code",
   "execution_count": 4,
   "metadata": {},
   "outputs": [
    {
     "name": "stdout",
     "output_type": "stream",
     "text": [
      "U  is (8, 8) \n",
      "S  is (5, 5) \n",
      "Vt is (5, 5)\n"
     ]
    }
   ],
   "source": [
    "# now consider n > m\n",
    "n = 8\n",
    "m = 5\n",
    "\n",
    "# generate an nxm matrix\n",
    "X = R.rand(n, m)\n",
    "\n",
    "# SVD\n",
    "(U, S, Vt) = np.linalg.svd(X)\n",
    "S = np.diag(S)\n",
    "\n",
    "print('U  is', U.shape, '\\nS  is', S.shape, '\\nVt is', Vt.shape)"
   ]
  },
  {
   "cell_type": "code",
   "execution_count": 5,
   "metadata": {},
   "outputs": [
    {
     "ename": "ValueError",
     "evalue": "matmul: Input operand 1 has a mismatch in its core dimension 0, with gufunc signature (n?,k),(k,m?)->(n?,m?) (size 5 is different from 8)",
     "output_type": "error",
     "traceback": [
      "\u001b[0;31m---------------------------------------------------------------------------\u001b[0m",
      "\u001b[0;31mValueError\u001b[0m                                Traceback (most recent call last)",
      "Input \u001b[0;32mIn [5]\u001b[0m, in \u001b[0;36m<cell line: 6>\u001b[0;34m()\u001b[0m\n\u001b[1;32m      1\u001b[0m \u001b[38;5;66;03m# recall from slides that with n > m, we have rows of zeros in S\u001b[39;00m\n\u001b[1;32m      2\u001b[0m \u001b[38;5;66;03m# it should be nxm, but here it's only mxm (with n > m)\u001b[39;00m\n\u001b[1;32m      3\u001b[0m \n\u001b[1;32m      4\u001b[0m \u001b[38;5;66;03m# cannot simply multiple components together\u001b[39;00m\n\u001b[0;32m----> 6\u001b[0m Y \u001b[38;5;241m=\u001b[39m \u001b[43mU\u001b[49m\u001b[38;5;129;43m@S\u001b[39;49m\u001b[38;5;129m@Vt\u001b[39m\n",
      "\u001b[0;31mValueError\u001b[0m: matmul: Input operand 1 has a mismatch in its core dimension 0, with gufunc signature (n?,k),(k,m?)->(n?,m?) (size 5 is different from 8)"
     ]
    }
   ],
   "source": [
    "# recall from slides that with n > m, we have rows of zeros in S\n",
    "# it should be nxm, but here it's only mxm (with n > m)\n",
    "\n",
    "# cannot simply multiple components together\n",
    "\n",
    "Y = U@S@Vt"
   ]
  },
  {
   "cell_type": "code",
   "execution_count": 6,
   "metadata": {},
   "outputs": [
    {
     "name": "stdout",
     "output_type": "stream",
     "text": [
      "[[3.33841497 0.         0.         0.         0.        ]\n",
      " [0.         1.05518786 0.         0.         0.        ]\n",
      " [0.         0.         0.75330225 0.         0.        ]\n",
      " [0.         0.         0.         0.56426176 0.        ]\n",
      " [0.         0.         0.         0.         0.42200052]\n",
      " [0.         0.         0.         0.         0.        ]\n",
      " [0.         0.         0.         0.         0.        ]\n",
      " [0.         0.         0.         0.         0.        ]]\n",
      "U  is (8, 8) \n",
      "S  is (8, 5) \n",
      "Vt is (5, 5)\n"
     ]
    }
   ],
   "source": [
    "# could add rows of zeros to S\n",
    "\n",
    "S = np.concatenate((S, np.zeros((X.shape[0]-S.shape[0], S.shape[1]))))\n",
    "print(S)\n",
    "print('U  is', U.shape, '\\nS  is', S.shape, '\\nVt is', Vt.shape)"
   ]
  },
  {
   "cell_type": "code",
   "execution_count": 7,
   "metadata": {},
   "outputs": [
    {
     "name": "stdout",
     "output_type": "stream",
     "text": [
      "A =  [[0.24371624 0.48912418 0.09538199 0.96479865 0.8854921 ]\n",
      " [0.44370957 0.78416531 0.77246259 0.63666919 0.99154486]\n",
      " [0.25585281 0.80038236 0.086696   0.33476093 0.70720497]\n",
      " [0.58388101 0.49069235 0.61079759 0.88588561 0.04849694]\n",
      " [0.47560707 0.67050109 0.33513941 0.12071381 0.35934512]\n",
      " [0.58674463 0.36061546 0.36675991 0.56799027 0.42613972]\n",
      " [0.78986963 0.46580326 0.65274825 0.50064271 0.63323471]\n",
      " [0.11951832 0.21946206 0.91481428 0.73460849 0.18058609]]\n",
      "B =  [[0.24371624 0.48912418 0.09538199 0.96479865 0.8854921 ]\n",
      " [0.44370957 0.78416531 0.77246259 0.63666919 0.99154486]\n",
      " [0.25585281 0.80038236 0.086696   0.33476093 0.70720497]\n",
      " [0.58388101 0.49069235 0.61079759 0.88588561 0.04849694]\n",
      " [0.47560707 0.67050109 0.33513941 0.12071381 0.35934512]\n",
      " [0.58674463 0.36061546 0.36675991 0.56799027 0.42613972]\n",
      " [0.78986963 0.46580326 0.65274825 0.50064271 0.63323471]\n",
      " [0.11951832 0.21946206 0.91481428 0.73460849 0.18058609]]\n",
      "\n",
      "1.915134717478395e-15\n"
     ]
    }
   ],
   "source": [
    "Y = U@S@Vt\n",
    "print('A = ', X)\n",
    "print('B = ', Y)\n",
    "print()\n",
    "print(np.sum(np.sum(X - Y)))"
   ]
  },
  {
   "cell_type": "code",
   "execution_count": 8,
   "metadata": {},
   "outputs": [
    {
     "name": "stdout",
     "output_type": "stream",
     "text": [
      "U  is (8, 5) \n",
      "S  is (5, 5) \n",
      "Vt is (5, 5)\n"
     ]
    }
   ],
   "source": [
    "# can also use this option, which returns matrices sized to allow multiplication\n",
    "\n",
    "(U, S, Vt) = np.linalg.svd(X, full_matrices=False)\n",
    "S = np.diag(S)\n",
    "print('U  is', U.shape, '\\nS  is', S.shape, '\\nVt is', Vt.shape)\n",
    "\n",
    "# it ignores the parts of U that would be zero when multiplied by 0s in S"
   ]
  },
  {
   "cell_type": "code",
   "execution_count": 9,
   "metadata": {},
   "outputs": [
    {
     "name": "stdout",
     "output_type": "stream",
     "text": [
      "X =  [[0.24371624 0.48912418 0.09538199 0.96479865 0.8854921 ]\n",
      " [0.44370957 0.78416531 0.77246259 0.63666919 0.99154486]\n",
      " [0.25585281 0.80038236 0.086696   0.33476093 0.70720497]\n",
      " [0.58388101 0.49069235 0.61079759 0.88588561 0.04849694]\n",
      " [0.47560707 0.67050109 0.33513941 0.12071381 0.35934512]\n",
      " [0.58674463 0.36061546 0.36675991 0.56799027 0.42613972]\n",
      " [0.78986963 0.46580326 0.65274825 0.50064271 0.63323471]\n",
      " [0.11951832 0.21946206 0.91481428 0.73460849 0.18058609]]\n",
      "Y =  [[0.24371624 0.48912418 0.09538199 0.96479865 0.8854921 ]\n",
      " [0.44370957 0.78416531 0.77246259 0.63666919 0.99154486]\n",
      " [0.25585281 0.80038236 0.086696   0.33476093 0.70720497]\n",
      " [0.58388101 0.49069235 0.61079759 0.88588561 0.04849694]\n",
      " [0.47560707 0.67050109 0.33513941 0.12071381 0.35934512]\n",
      " [0.58674463 0.36061546 0.36675991 0.56799027 0.42613972]\n",
      " [0.78986963 0.46580326 0.65274825 0.50064271 0.63323471]\n",
      " [0.11951832 0.21946206 0.91481428 0.73460849 0.18058609]]\n",
      "\n",
      "1.915134717478395e-15\n"
     ]
    }
   ],
   "source": [
    "Y = U@S@Vt\n",
    "print('X = ', X)\n",
    "print('Y = ', Y)\n",
    "print()\n",
    "print(np.sum(np.sum(X - Y)))"
   ]
  },
  {
   "cell_type": "code",
   "execution_count": 10,
   "metadata": {},
   "outputs": [
    {
     "name": "stdout",
     "output_type": "stream",
     "text": [
      "U  is (5, 5) \n",
      "S  is (5, 5) \n",
      "Vt is (8, 8)\n"
     ]
    }
   ],
   "source": [
    "# now consider n < m (X is short and fat)\n",
    "n = 5\n",
    "m = 8\n",
    "\n",
    "# generate an nxm matrix\n",
    "X = R.rand(n, m)\n",
    "\n",
    "# SVD\n",
    "(U, S, Vt) = np.linalg.svd(X)\n",
    "S = np.diag(S)\n",
    "\n",
    "print('U  is', U.shape, '\\nS  is', S.shape, '\\nVt is', Vt.shape)"
   ]
  },
  {
   "cell_type": "code",
   "execution_count": 11,
   "metadata": {},
   "outputs": [
    {
     "ename": "ValueError",
     "evalue": "matmul: Input operand 1 has a mismatch in its core dimension 0, with gufunc signature (n?,k),(k,m?)->(n?,m?) (size 8 is different from 5)",
     "output_type": "error",
     "traceback": [
      "\u001b[0;31m---------------------------------------------------------------------------\u001b[0m",
      "\u001b[0;31mValueError\u001b[0m                                Traceback (most recent call last)",
      "Input \u001b[0;32mIn [11]\u001b[0m, in \u001b[0;36m<cell line: 6>\u001b[0;34m()\u001b[0m\n\u001b[1;32m      1\u001b[0m \u001b[38;5;66;03m# recall from slides that with n < m, we have cols of zeros in S\u001b[39;00m\n\u001b[1;32m      2\u001b[0m \u001b[38;5;66;03m# it should be nxm, but here it's only mxm (with n < m)\u001b[39;00m\n\u001b[1;32m      3\u001b[0m \n\u001b[1;32m      4\u001b[0m \u001b[38;5;66;03m# cannot simply multiple components together\u001b[39;00m\n\u001b[0;32m----> 6\u001b[0m Y \u001b[38;5;241m=\u001b[39m \u001b[43mU\u001b[49m\u001b[38;5;129;43m@S\u001b[39;49m\u001b[38;5;129;43m@Vt\u001b[39;49m\n",
      "\u001b[0;31mValueError\u001b[0m: matmul: Input operand 1 has a mismatch in its core dimension 0, with gufunc signature (n?,k),(k,m?)->(n?,m?) (size 8 is different from 5)"
     ]
    }
   ],
   "source": [
    "# recall from slides that with n < m, we have cols of zeros in S\n",
    "# it should be nxm, but here it's only mxm (with n < m)\n",
    "\n",
    "# cannot simply multiple components together\n",
    "\n",
    "Y = U@S@Vt"
   ]
  },
  {
   "cell_type": "code",
   "execution_count": 12,
   "metadata": {},
   "outputs": [
    {
     "name": "stdout",
     "output_type": "stream",
     "text": [
      "U  is (5, 5) \n",
      "S  is (5, 5) \n",
      "Vt is (5, 8)\n"
     ]
    }
   ],
   "source": [
    "# can also use this option, which returns matrices sized to allow multiplication\n",
    "\n",
    "(U, S, Vt) = np.linalg.svd(X, full_matrices=False)\n",
    "S = np.diag(S)\n",
    "print('U  is', U.shape, '\\nS  is', S.shape, '\\nVt is', Vt.shape)\n",
    "\n",
    "# it ignores the parts of V that would be zero when multiplied by 0s in S"
   ]
  },
  {
   "cell_type": "code",
   "execution_count": 13,
   "metadata": {},
   "outputs": [
    {
     "name": "stdout",
     "output_type": "stream",
     "text": [
      "X =  [[8.80659650e-01 8.93252886e-01 4.69668537e-02 2.55824117e-01\n",
      "  8.58219715e-01 7.56524346e-01 2.58765749e-01 2.07005936e-01]\n",
      " [7.13640134e-01 7.19932015e-01 1.50593093e-01 9.60820544e-01\n",
      "  8.20776703e-01 7.63794849e-01 4.19769856e-03 6.55857692e-01]\n",
      " [5.71731860e-01 7.24149127e-01 2.11090062e-01 5.17233326e-01\n",
      "  2.34933074e-01 1.18102624e-01 4.04677317e-01 9.97582385e-01]\n",
      " [4.00375464e-04 2.68759438e-01 8.72142564e-01 8.47768377e-02\n",
      "  2.92475634e-01 6.90096501e-02 9.50216338e-01 8.10909937e-01]\n",
      " [4.23991799e-01 3.22347175e-01 2.23045195e-01 9.44630165e-01\n",
      "  7.78176223e-01 4.26965281e-01 1.43794617e-01 8.42785205e-01]]\n",
      "Y =  [[8.80659650e-01 8.93252886e-01 4.69668537e-02 2.55824117e-01\n",
      "  8.58219715e-01 7.56524346e-01 2.58765749e-01 2.07005936e-01]\n",
      " [7.13640134e-01 7.19932015e-01 1.50593093e-01 9.60820544e-01\n",
      "  8.20776703e-01 7.63794849e-01 4.19769856e-03 6.55857692e-01]\n",
      " [5.71731860e-01 7.24149127e-01 2.11090062e-01 5.17233326e-01\n",
      "  2.34933074e-01 1.18102624e-01 4.04677317e-01 9.97582385e-01]\n",
      " [4.00375464e-04 2.68759438e-01 8.72142564e-01 8.47768377e-02\n",
      "  2.92475634e-01 6.90096501e-02 9.50216338e-01 8.10909937e-01]\n",
      " [4.23991799e-01 3.22347175e-01 2.23045195e-01 9.44630165e-01\n",
      "  7.78176223e-01 4.26965281e-01 1.43794617e-01 8.42785205e-01]]\n",
      "\n",
      "4.048844592929868e-15\n"
     ]
    }
   ],
   "source": [
    "Y = U@S@Vt\n",
    "print('X = ', X)\n",
    "print('Y = ', Y)\n",
    "print()\n",
    "print(np.sum(np.sum(X - Y)))"
   ]
  },
  {
   "cell_type": "markdown",
   "metadata": {},
   "source": [
    "#### some nice properties of SVD"
   ]
  },
  {
   "cell_type": "code",
   "execution_count": 14,
   "metadata": {},
   "outputs": [
    {
     "name": "stdout",
     "output_type": "stream",
     "text": [
      "U  is (8, 8) \n",
      "S  is (5, 5) \n",
      "Vt is (5, 5)\n"
     ]
    }
   ],
   "source": [
    "n = 8\n",
    "m = 5\n",
    "\n",
    "# generate an nxm matrix\n",
    "X = R.rand(n, m)\n",
    "\n",
    "# SVD\n",
    "(U, S, Vt) = np.linalg.svd(X)\n",
    "S = np.diag(S)\n",
    "\n",
    "print('U  is', U.shape, '\\nS  is', S.shape, '\\nVt is', Vt.shape)"
   ]
  },
  {
   "cell_type": "code",
   "execution_count": 15,
   "metadata": {},
   "outputs": [
    {
     "name": "stdout",
     "output_type": "stream",
     "text": [
      "[[-0.38645674  0.33800746  0.2633842  -0.13744263  0.04788669 -0.66361039\n",
      "  -0.373187    0.25729363]\n",
      " [-0.57359905  0.2476218  -0.34668194  0.42762523 -0.10382672  0.05345853\n",
      "  -0.06293042 -0.53760378]\n",
      " [-0.26303505  0.11217764  0.75109078  0.28624918 -0.13986566  0.21423631\n",
      "   0.44899167  0.07141199]\n",
      " [-0.44570165 -0.57236606  0.21145003 -0.38054355  0.42410382  0.10856639\n",
      "  -0.10339427 -0.28614952]\n",
      " [-0.33084989 -0.57969929 -0.25626761  0.2015804  -0.43607898 -0.16441941\n",
      "   0.11977114  0.46544129]\n",
      " [-0.1999215   0.19740512  0.03225302 -0.4647441  -0.52653154  0.53358351\n",
      "  -0.36032809  0.11068929]\n",
      " [-0.15848788  0.20803634 -0.23875206 -0.5579548  -0.11206298 -0.22393977\n",
      "   0.69931499 -0.10741411]\n",
      " [-0.28151244  0.2568044  -0.27906277  0.05965664  0.55456468  0.37038556\n",
      "   0.10613396  0.56336084]]\n",
      "\n",
      "[[-0.38645674 -0.57359905 -0.26303505 -0.44570165 -0.33084989 -0.1999215\n",
      "  -0.15848788 -0.28151244]\n",
      " [ 0.33800746  0.2476218   0.11217764 -0.57236606 -0.57969929  0.19740512\n",
      "   0.20803634  0.2568044 ]\n",
      " [ 0.2633842  -0.34668194  0.75109078  0.21145003 -0.25626761  0.03225302\n",
      "  -0.23875206 -0.27906277]\n",
      " [-0.13744263  0.42762523  0.28624918 -0.38054355  0.2015804  -0.4647441\n",
      "  -0.5579548   0.05965664]\n",
      " [ 0.04788669 -0.10382672 -0.13986566  0.42410382 -0.43607898 -0.52653154\n",
      "  -0.11206298  0.55456468]\n",
      " [-0.66361039  0.05345853  0.21423631  0.10856639 -0.16441941  0.53358351\n",
      "  -0.22393977  0.37038556]\n",
      " [-0.373187   -0.06293042  0.44899167 -0.10339427  0.11977114 -0.36032809\n",
      "   0.69931499  0.10613396]\n",
      " [ 0.25729363 -0.53760378  0.07141199 -0.28614952  0.46544129  0.11068929\n",
      "  -0.10741411  0.56336084]]\n"
     ]
    }
   ],
   "source": [
    "# remember that the transpose of a matrix just makes the rows columns\n",
    "\n",
    "print(U)\n",
    "print()\n",
    "print(U.T)"
   ]
  },
  {
   "cell_type": "code",
   "execution_count": 16,
   "metadata": {},
   "outputs": [
    {
     "name": "stdout",
     "output_type": "stream",
     "text": [
      "[[ 1.00000000e+00 -2.22044605e-16  4.16333634e-16 -1.80411242e-16\n",
      "  -6.24500451e-17 -1.11022302e-16 -1.11022302e-16 -1.94289029e-16]\n",
      " [-2.22044605e-16  1.00000000e+00 -4.71844785e-16 -1.38777878e-17\n",
      "  -5.55111512e-17 -1.11022302e-16  1.66533454e-16  3.05311332e-16]\n",
      " [ 4.16333634e-16 -4.71844785e-16  1.00000000e+00  2.28983499e-16\n",
      "  -6.93889390e-18  2.67147415e-16 -2.77555756e-16 -5.27355937e-16]\n",
      " [-1.80411242e-16 -1.38777878e-17  2.28983499e-16  1.00000000e+00\n",
      "  -1.38777878e-17 -2.35922393e-16 -1.52655666e-16  5.55111512e-17]\n",
      " [-6.24500451e-17 -5.55111512e-17 -6.93889390e-18 -1.38777878e-17\n",
      "   1.00000000e+00  5.55111512e-17  0.00000000e+00 -5.55111512e-17]\n",
      " [-1.11022302e-16 -1.11022302e-16  2.67147415e-16 -2.35922393e-16\n",
      "   5.55111512e-17  1.00000000e+00  2.42861287e-16 -1.24900090e-16]\n",
      " [-1.11022302e-16  1.66533454e-16 -2.77555756e-16 -1.52655666e-16\n",
      "   0.00000000e+00  2.42861287e-16  1.00000000e+00  6.93889390e-17]\n",
      " [-1.94289029e-16  3.05311332e-16 -5.27355937e-16  5.55111512e-17\n",
      "  -5.55111512e-17 -1.24900090e-16  6.93889390e-17  1.00000000e+00]]\n"
     ]
    }
   ],
   "source": [
    "# U multiple by U-transpose is just the identity matrix\n",
    "\n",
    "print(U@U.T)"
   ]
  },
  {
   "cell_type": "code",
   "execution_count": 17,
   "metadata": {},
   "outputs": [
    {
     "name": "stdout",
     "output_type": "stream",
     "text": [
      "0.0\n"
     ]
    }
   ],
   "source": [
    "# hard to see with tiny numbers in the off-diagonals\n",
    "\n",
    "print(np.round(2.2334353e-17, 8))"
   ]
  },
  {
   "cell_type": "code",
   "execution_count": 18,
   "metadata": {},
   "outputs": [
    {
     "name": "stdout",
     "output_type": "stream",
     "text": [
      "[[ 1. -0.  0. -0. -0. -0. -0. -0.]\n",
      " [-0.  1. -0. -0. -0. -0.  0.  0.]\n",
      " [ 0. -0.  1.  0. -0.  0. -0. -0.]\n",
      " [-0. -0.  0.  1. -0. -0. -0.  0.]\n",
      " [-0. -0. -0. -0.  1.  0.  0. -0.]\n",
      " [-0. -0.  0. -0.  0.  1.  0. -0.]\n",
      " [-0.  0. -0. -0.  0.  0.  1.  0.]\n",
      " [-0.  0. -0.  0. -0. -0.  0.  1.]]\n"
     ]
    }
   ],
   "source": [
    "# round the matrix\n",
    "\n",
    "print(np.round(U@U.T, 8))"
   ]
  },
  {
   "cell_type": "code",
   "execution_count": 19,
   "metadata": {},
   "outputs": [
    {
     "name": "stdout",
     "output_type": "stream",
     "text": [
      "[[ 1. -0.  0.  0. -0.]\n",
      " [-0.  1.  0.  0.  0.]\n",
      " [ 0.  0.  1.  0.  0.]\n",
      " [ 0.  0.  0.  1. -0.]\n",
      " [-0.  0.  0. -0.  1.]]\n"
     ]
    }
   ],
   "source": [
    "# Vt multiple by Vt-transpose (which is just V) is just the identity matrix\n",
    "\n",
    "print(np.round(Vt@Vt.T, 8))"
   ]
  },
  {
   "cell_type": "code",
   "execution_count": 20,
   "metadata": {},
   "outputs": [
    {
     "name": "stdout",
     "output_type": "stream",
     "text": [
      "[[2.92071583 0.         0.         0.         0.        ]\n",
      " [0.         1.18808771 0.         0.         0.        ]\n",
      " [0.         0.         0.6838697  0.         0.        ]\n",
      " [0.         0.         0.         0.61622169 0.        ]\n",
      " [0.         0.         0.         0.         0.26049989]]\n"
     ]
    }
   ],
   "source": [
    "print(S)"
   ]
  },
  {
   "cell_type": "code",
   "execution_count": 21,
   "metadata": {},
   "outputs": [
    {
     "name": "stdout",
     "output_type": "stream",
     "text": [
      "[[0.34238182 0.         0.         0.         0.        ]\n",
      " [0.         0.8416887  0.         0.         0.        ]\n",
      " [0.         0.         1.46226686 0.         0.        ]\n",
      " [0.         0.         0.         1.62279261 0.        ]\n",
      " [0.         0.         0.         0.         3.83877325]]\n"
     ]
    }
   ],
   "source": [
    "# the inverse of a diagonal matrix is just the inverse of the diagonal elements\n",
    "\n",
    "print(np.linalg.inv(S))"
   ]
  },
  {
   "cell_type": "code",
   "execution_count": 22,
   "metadata": {},
   "outputs": [
    {
     "name": "stdout",
     "output_type": "stream",
     "text": [
      "[[ 0.35415271  0.15031284  0.29135344  0.10708484 -0.18416847  0.19114215\n",
      "   0.14000347  0.14045036]\n",
      " [ 0.15031284  0.70416412  0.05519384 -0.16614551  0.26654987  0.00830679\n",
      "  -0.00176655  0.28974371]\n",
      " [ 0.29135344  0.05519384  0.74740961  0.04359881 -0.05178973  0.03956681\n",
      "  -0.25833992 -0.16723402]\n",
      " [ 0.10708484 -0.16614551  0.04359881  0.89564142  0.16341987 -0.06351141\n",
      "   0.065881    0.13196765]\n",
      " [-0.18416847  0.26654987 -0.05178973  0.16341987  0.74198554  0.07936903\n",
      "  -0.07058283 -0.21402461]\n",
      " [ 0.19114215  0.00830679  0.03956681 -0.06351141  0.07936903  0.57320019\n",
      "   0.38336299 -0.22174659]\n",
      " [ 0.14000347 -0.00176655 -0.25833992  0.065881   -0.07058283  0.38336299\n",
      "   0.44927174  0.06923589]\n",
      " [ 0.14045036  0.28974371 -0.16723402  0.13196765 -0.21402461 -0.22174659\n",
      "   0.06923589  0.53417468]]\n"
     ]
    }
   ],
   "source": [
    "# SVD\n",
    "(U, S, Vt) = np.linalg.svd(X, full_matrices=False)\n",
    "S = np.diag(S)\n",
    "\n",
    "# note that the identity matrix property only happens with the full matrices\n",
    "print(U@U.T)"
   ]
  },
  {
   "cell_type": "code",
   "execution_count": 23,
   "metadata": {},
   "outputs": [
    {
     "name": "stdout",
     "output_type": "stream",
     "text": [
      "[[3.64227847 0.         0.         0.         0.         0.        ]\n",
      " [0.         1.49201464 0.         0.         0.         0.        ]\n",
      " [0.         0.         1.01467057 0.         0.         0.        ]\n",
      " [0.         0.         0.         0.73946714 0.         0.        ]\n",
      " [0.         0.         0.         0.         0.58425986 0.        ]\n",
      " [0.         0.         0.         0.         0.         0.3628115 ]]\n"
     ]
    }
   ],
   "source": [
    "# note that the values along the diagonal of S decrease;\n",
    "# this is something we will make use of later\n",
    "\n",
    "n = 8\n",
    "m = 6\n",
    "\n",
    "# generate an nxm matrix\n",
    "X = R.rand(n, m)\n",
    "\n",
    "# SVD\n",
    "(U, S, Vt) = np.linalg.svd(X)\n",
    "S = np.diag(S)\n",
    "\n",
    "print(S)"
   ]
  },
  {
   "cell_type": "markdown",
   "metadata": {},
   "source": [
    "### visualizing SVD as a series of matrix transformations"
   ]
  },
  {
   "cell_type": "code",
   "execution_count": 24,
   "metadata": {},
   "outputs": [],
   "source": [
    "# plot points around a circle\n",
    "\n",
    "from math import pi\n",
    "import numpy as np\n",
    "\n",
    "def pol2cart(rho, phi):\n",
    "    x = rho * np.cos(phi)\n",
    "    y = rho * np.sin(phi)\n",
    "    return (x, y)\n",
    "\n",
    "N = 100\n",
    "b = np.zeros((2, N))\n",
    "\n",
    "for i in range(N):\n",
    "    # polar coordinates\n",
    "    rad = 1; ang = 2*pi*i/N\n",
    "    \n",
    "    xy = pol2cart(rad, ang)\n",
    "    b[0, i] = xy[0]; b[1, i] = xy[1]\n",
    "\n",
    "# pull three vectors\n",
    "Nvec = 3\n",
    "v = np.zeros((2, Nvec))\n",
    "for i in range(Nvec):\n",
    "    v[0, i] = b[0, int(i*(N/(2*Nvec)))]; v[1, i] = b[1, int(i*(N/(2*Nvec)))]"
   ]
  },
  {
   "cell_type": "code",
   "execution_count": 25,
   "metadata": {},
   "outputs": [],
   "source": [
    "import matplotlib.pyplot as plt\n",
    "\n",
    "def plt_graph(b, v):\n",
    "    ex = 1.1*np.max(b)\n",
    "\n",
    "    plt.plot(b[0, :], b[1, :], 'r-')\n",
    "    plt.plot([0, v[0,0]], [0, v[1,0]], 'b-')\n",
    "    plt.plot([0, v[0,1]], [0, v[1,1]], 'c-')\n",
    "    plt.plot([0, v[0,2]], [0, v[1,2]], 'g-')\n",
    "    plt.xlim(-ex, ex)\n",
    "    plt.ylim(-ex, ex)\n",
    "    plt.axis('equal')"
   ]
  },
  {
   "cell_type": "code",
   "execution_count": 26,
   "metadata": {},
   "outputs": [
    {
     "data": {
